     0/299        0G      9.21      40.8       180       230        36       480         0         0         0         0      10.6      65.9      70.4
     1/299        0G      10.6      34.4      23.8      68.8        43       384         0         0         0         0      10.6      4.06      11.6
     2/299        0G      10.6      9.73      12.1      32.4        45       512         0         0         0         0      10.6    0.0419      11.3
     3/299        0G      10.6  0.000935        11      21.6        46       448         0         0         0         0      10.6  0.000129      11.1
     4/299        0G      10.6  0.000131      10.9      21.5        46       448         0         0         0         0      10.6  0.000137      11.1
     5/299        0G      10.6  0.000117      10.7      21.3        52       384         0         0         0         0      10.6  0.000156      10.9
     6/299        0G      10.6  0.000173      10.4      21.1        39       640         0         0         0         0      10.6  0.000207      10.8
     7/299        0G      10.6  0.000332      10.2      20.9        50       512         0         0         0         0      10.6  0.000232      10.7
     8/299        0G      10.6  0.000291        10      20.7        54       416         0         0         0         0      10.6   0.00028      10.7
     9/299        0G      10.6  0.000383      9.81      20.4        44       512         0         0         0         0      10.6  0.000496      10.6
    10/299        0G      10.6   0.00169      9.63      20.2        56       544         0         0         0         0      10.6  0.000982      10.5
    11/299        0G      10.6   0.00137      9.39        20        51       480         0         0         0         0      10.6  0.000246      10.3
    12/299        0G      10.6  0.000198       9.2      19.8        44       512         0         0         0         0      10.6  0.000182      10.1
    13/299        0G      10.6  0.000265      8.92      19.5        49       480         0         0         0         0      10.6  0.000197      9.97
    14/299        0G      10.6  0.000833      8.66      19.3        49       544         0         0         0         0      10.6  0.000316      10.2
    15/299        0G      10.6   0.00335      8.43      19.1        56       384         0         0         0         0      10.6    0.0006      9.95
    16/299        0G      10.6    0.0146      8.21      18.8        48       320         0         0         0         0      10.6  0.000562      9.59
    17/299        0G      10.6     0.108      8.19      18.9        42       384         0         0         0         0      10.6  0.000345      9.87
